8
A B C D E F G H
0 1 0 1 0 0 0 0
1 0 1 0 0 0 0 0
0 1 0 0 1 0 0 0
1 0 0 0 1 0 0 1
0 0 1 1 0 1 1 0
0 0 0 0 1 0 1 0
0 0 0 0 1 1 0 1
0 0 0 1 0 0 1 0
0 537 1150 880 1530 1860 1630 1570
537 0 738 821 1230 1620 1530 1660
1150 738 0 661 563 991 1050 1410
880 821 661 0 724 989 746 854
1530 1230 563 724 0 413 589 1140
1860 1620 991 989 413 0 455 1010
1630 1530 1050 746 589 455 0 562
1570 1660 1410 854 1140 1010 562 0